6.478263216441097150e+00,3.358983966178301728e+01,6.043113247137611665e+01,5.374333621812277784e+01,2.673582501813493195e+01,4.228129832222178663e+01,1.916884821522796045e+01,2.798447627534236304e+01,4.798431449191468090e+01,4.238662080325387649e+01,3.935177873351837974e+01,4.800397001219104709e+01,3.094165150103650319e+01,1.279419624547227130e+01,4.379628752556971705e+01,5.688151409101701717e+01,5.822922478476136376e+01,2.403772709974599575e+00,2.432461302980262374e+01,4.847000471823905343e+01,5.008580609524278771e+01,5.371357617785560734e+01,5.526797637534501462e+01,4.844277194233753647e+01,4.751861828476639182e+00,4.251815339805462912e+01,6.124200047054900864e+01,4.859176051717911093e+01,1.244175737075691401e+01,2.527648575152412036e+01,0.000000000000000000e+00,4.365177277540384182e+01,3.164505870895125739e+01,4.053843036993810500e+01,4.827017811285149662e+01,4.734108411221844648e+01,5.460074414376294527e+01,4.736315013392271567e+01,5.244801406683495770e+01,4.339706177801316045e+01,4.772458168089589492e+01,1.654322564305357801e+01,1.627560457925543602e+01,7.200621362942369430e+00,4.140807479175186434e-01,7.387474116994391382e-01,1.129324415785755953e+01,0.000000000000000000e+00,0.000000000000000000e+00,4.225417749205633844e-01,4.425617808726294733e+00,0.000000000000000000e+00,1.967723504820868552e+00,4.253341333189999962e-01,0.000000000000000000e+00,8.980484421573473597e+00,0.000000000000000000e+00,5.533811505542735887e+01,0.000000000000000000e+00,0.000000000000000000e+00,1.165392455219420853e+01,0.000000000000000000e+00,0.000000000000000000e+00,2.374522095295916735e+00,1.699599190307087326e+01,0.000000000000000000e+00,0.000000000000000000e+00,0.000000000000000000e+00,4.079117210350220013e+00,1.237805281112444034e+00,4.682227765789465224e+01,0.000000000000000000e+00,6.468138103200706723e+01,0.000000000000000000e+00,0.000000000000000000e+00,0.000000000000000000e+00,2.080013756480890663e+01,4.064082245328544674e-01,5.717333153112607924e+00,0.000000000000000000e+00,0.000000000000000000e+00,4.114607625932835688e-01,1.246280527826567175e+00,9.442202283375296545e+00
3.358983966178301728e+01,5.311459281904197027e+00,3.318127920168510769e+01,4.100728148844704712e+00,1.478775909196085792e+01,9.105847351586639604e+00,5.003767639425080915e+01,1.691847797460224001e+01,3.959789186520438165e+01,1.628665753264925353e+00,4.179203000331116158e+01,1.862819912184530935e+01,3.237447233075656072e+01,2.479626011492600313e+01,3.912680875009976234e+01,3.862227885981975817e+01,3.816642152373889019e+01,4.585906107416055733e+01,3.857396041523658425e+01,4.127508675874169697e+00,5.512466182204740051e+01,1.411571019471931621e+01,4.621787780492157083e+01,4.896125135368853876e+01,9.862703146657869624e+00,3.184708851272596064e+01,1.827452056255659940e+01,5.820554750469830907e+01,5.874353619178905461e+01,5.857904641424928371e+01,3.959852042136515138e+01,1.078447212745894213e+01,3.875385583009581580e+01,3.664196908278807996e+01,5.450825237214314711e+01,4.672342086053872379e+01,2.259289720420982306e+01,3.666845111275866742e+01,4.211106610505918724e+01,5.437884802026103870e+01,4.544999526045682359e+01,4.011505114125211691e+01,5.117289962640646195e+01,2.942278149363602324e+01,4.356052692945468152e+01,4.793769195641947789e+01,4.681779614697180136e+01,3.547385980417591611e+01,3.286139504660421551e+01,7.543864435224390874e+00,9.256452041865559366e+00,3.999034633736766153e+01,0.000000000000000000e+00,5.800439820360779208e+00,8.092956542968768874e-01,2.384501537825930839e+01,1.978941020680898610e+00,4.922395148538194576e+01,0.000000000000000000e+00,4.912993872687080454e+01,4.222803827541977695e-01,4.755794820053409211e+01,2.671732802889239977e+00,1.478657917952656220e+01,4.862438529318425395e+01,4.516859431526615509e+01,4.824467899975962837e+01,4.705567501800850749e+01,0.000000000000000000e+00,5.309538485208365444e+01,2.238692626634290050e+01,5.047713537063361144e+01,5.412945888521774407e+01,2.816581004405621513e+01,4.003789134749322898e+01,3.511367543654606749e+01,4.361679648670702392e+01,1.385590359036556052e+01,5.130659366217578565e+01,3.848752215300341817e+01,1.909000240155119155e+00,5.326670781889955464e+00,4.438230081043932529e+01,3.979654178936823428e+01
6.043113247137611665e+01,3.318127920168510769e+01,8.100503620501012136e+00,6.345371974166952533e+00,1.843563310069277605e+01,3.237866930827515688e+01,5.885704109921178429e+01,5.372604004330773364e+01,5.779810147861634562e+01,3.529004845574007021e+01,4.947158934878137870e+01,5.412732014015542603e+00,4.895519637597610085e+01,6.258846472984725295e+01,4.376065663786629756e+01,4.713977390702626735e+01,2.429671772005384867e+01,4.751049590775950549e+01,4.140657781363477596e+01,1.020271214239124902e+01,4.244697789427790724e+01,3.904628507181600838e+01,2.045333284001470631e+01,5.742358383695921020e+01,4.791407238163746740e+01,1.716946434740802019e+01,2.184861216195711719e+01,5.108820557528706985e+01,5.548724904343463038e+01,4.907021245121052289e+01,2.872618745001988216e+01,1.083564336169418318e+01,5.638736319657945728e+01,3.789566706964457410e+01,6.142651369015747065e+01,4.706204411222719841e+01,2.869592626200048713e+01,3.847949010862059538e+01,4.293506244635411662e+01,5.451833201145062446e+01,5.162561387353397890e+01,4.656820499768828370e+01,6.025554414696225081e+01,4.946611782913836208e+01,5.883539127307407313e+01,5.890316085845687155e+01,2.459438390020115150e+01,9.964303569075235956e+00,1.365898160792107463e+00,0.000000000000000000e+00,4.017698303757277500e+01,5.852651278081032160e+01,0.000000000000000000e+00,5.804986920522812177e+00,0.000000000000000000e+00,8.217044944193805378e-01,0.000000000000000000e+00,4.884680274842990144e+01,0.000000000000000000e+00,8.490124512667680534e+00,0.000000000000000000e+00,1.571632266827483271e+01,0.000000000000000000e+00,1.641215614299869685e+01,6.029153696542289254e+01,6.153174774046028972e+01,2.836767965288303550e+00,4.450442523171887643e+01,0.000000000000000000e+00,3.164177658653408187e+01,4.489023915814092902e+01,6.049152889340683004e+01,2.576028736085234527e+01,4.632351113059235814e+01,6.146766517987663292e+01,5.860799210120659808e+01,3.274078924264477664e+00,0.000000000000000000e+00,8.622445407791518690e+00,1.637204127525212716e+00,0.000000000000000000e+00,4.100950155685186282e-01,5.547846279476015496e+01,4.232321762994579473e+01
5.374333621812277784e+01,4.100728148844704712e+00,6.345371974166952533e+00,5.567133905679263250e+00,1.070631318570199753e+01,4.297736794823728701e+01,3.636668985801934184e+01,5.378920891772657598e+01,3.685720453368344351e+01,1.432987779641503856e+01,4.032522173070186566e-01,2.491782879039532617e+01,3.140828949657837210e+00,5.743729444991890887e+01,4.303047812038546027e+01,1.570198832286869894e+01,1.646359163730298336e+00,0.000000000000000000e+00,0.000000000000000000e+00,8.164775142290352505e+00,4.415482409500141614e+01,4.609825904181169420e+01,3.225067957879797831e+01,1.334645321674331520e+01,0.000000000000000000e+00,0.000000000000000000e+00,7.019792874654133819e+00,1.178024464422853157e+01,5.888256479514720354e+01,5.174355138529185183e+01,0.000000000000000000e+00,1.206265179078970240e+00,5.534843760936423962e+01,5.868939588288166931e+01,9.579992337013358394e+00,5.560327865685183468e+01,2.410826091012863159e+01,6.060968659330440289e+01,5.367942706870283587e+01,4.578773738098900026e+01,3.884086637121799157e+01,3.986650723129962492e-01,1.926235413142953590e+01,0.000000000000000000e+00,7.737197306618772696e-01,0.000000000000000000e+00,5.246045612123738522e+01,0.000000000000000000e+00,0.000000000000000000e+00,4.716160677643469690e+00,0.000000000000000000e+00,0.000000000000000000e+00,2.086131438745594835e+01,0.000000000000000000e+00,1.162094707038272112e+01,3.212078877056044490e+01,6.111038805833507226e+00,5.002336458730404445e+01,2.163482589971136250e+01,0.000000000000000000e+00,4.870319351998269752e+01,0.000000000000000000e+00,3.829604817860161159e+00,2.931909844174662183e+01,3.087089396234770522e+00,0.000000000000000000e+00,0.000000000000000000e+00,0.000000000000000000e+00,3.246236998806639207e+01,4.202143825701828428e-01,1.737490886074924745e+01,4.004373408075596608e-01,6.139939722867008243e+01,0.000000000000000000e+00,0.000000000000000000e+00,0.000000000000000000e+00,3.904007157801137140e+01,4.249172218827040659e+00,4.459526097596581806e+00,0.000000000000000000e+00,0.000000000000000000e+00,1.968587343965594538e+00,2.833959479830160166e+00,0.000000000000000000e+00
2.673582501813493195e+01,1.478775909196085792e+01,1.843563310069277605e+01,1.070631318570199753e+01,3.459112508238599393e+00,6.483412603614679526e+00,3.854687024890512959e+01,1.269072784141995136e+01,2.834494236626071384e+01,4.005852232067927332e+01,3.734921108050092187e+01,3.383009277410658910e+01,3.081529484722205581e+01,2.132657155949194561e+01,6.781361172514074553e+00,2.696185154717983323e+01,2.589487937187327660e+01,2.376634177050018337e+01,2.993315207167498571e+01,2.934064365097538740e+01,2.965183779738920578e+01,2.395308576263645861e+01,3.448880859719954373e+01,4.330781292105019986e+01,1.505091636928159637e+01,4.407305885026487147e+01,4.043174884767243071e+01,3.355396620460283685e+01,1.442808445025291242e+01,2.947383092952721384e+01,6.446750441593914971e+00,5.923927667438353417e+00,1.670275699036631067e+01,1.047968538435660157e+01,2.517016512370111414e+01,3.441739114729595173e+01,3.824484254048944365e+01,2.576374537713828161e+01,2.638589041451795936e+01,5.296573636134063179e+00,5.270014870196923162e+00,2.124762626504254825e+01,2.958440714747986178e+01,3.385045969008962885e+01,2.855152786075368709e+01,2.582210035301150697e+01,1.857890337782448498e+01,1.742133258689577247e+01,9.832019114680722538e+00,2.861726594801563994e+00,8.091708378496962339e+00,9.117526343805870681e+00,0.000000000000000000e+00,8.063725039089460367e+00,1.674807088292061819e+00,3.684078398035533386e+00,1.523938022442718587e+00,1.480015205301990555e+01,0.000000000000000000e+00,7.573940182164278667e+00,5.353656726096992280e+00,4.494807278932029249e+00,2.104053938566749160e+00,1.502473113660207993e+01,7.680843749788523134e+00,1.490335989615218182e+01,8.252038243991232092e-01,5.611978707384704279e+00,0.000000000000000000e+00,1.631838833321381088e+01,1.840698359468428436e+01,2.362276602786900881e+01,1.095347996340969843e+01,1.571113387150549601e+00,9.327230323487846420e+00,1.386681375652656634e+01,6.898562583164194351e+00,1.353570477594784194e+01,1.699457972537603823e+01,0.000000000000000000e+00,0.000000000000000000e+00,6.900724135821141303e+00,2.053645935699544367e+01,3.195511964696942186e+01
4.228129832222178663e+01,9.105847351586639604e+00,3.237866930827515688e+01,4.297736794823728701e+01,6.483412603614679526e+00,6.627679462209420613e+00,3.464179778665891973e+01,1.339912841502287044e+01,4.144568894077027466e+01,1.752058325317603149e+01,4.916241190730583810e+01,1.381509563785030537e+01,4.706741998599417798e+01,3.136364509731223649e+01,8.470963557481661965e+00,2.017389562385847057e+01,3.825853915044216791e+01,4.728246575610059210e+01,4.685730646776591612e+01,2.801615876387735682e+01,5.767449255680028841e+01,4.943421243338600135e+01,5.940725202414437689e+01,3.770577044122625665e+01,3.943481373886456254e+01,5.248559623219701820e+01,3.921203356447409050e+01,4.223722497745959714e+01,3.339194061206199393e+01,5.349100164625590281e+01,2.014187962973295853e+01,1.323308681522586916e+01,5.158920038440331268e+01,3.171826988885966259e+01,4.716973017220551156e+01,4.632772142325082854e+01,5.284947099965418005e+01,3.647824648960094152e+01,4.434521794311461207e+01,1.276140952743279833e+01,1.326927179658379607e+01,4.075131742125156364e+01,2.208645434811679209e+01,4.168940892860068637e+00,1.248566499396932761e+00,3.096076680653129465e+00,3.441798714608628984e+01,0.000000000000000000e+00,2.174291269103091562e+00,7.872993625811678386e-01,4.754810864652568192e+00,0.000000000000000000e+00,7.716558502826898369e+00,7.090119034496709105e-01,5.476233418308089185e+00,2.389485076953100418e+00,1.242593864896403000e+00,5.323921305171093366e+01,2.479769059366253359e+00,1.226749647909137986e+00,3.871391968411789009e+01,5.500145698661237148e+00,4.158605888708321041e-01,1.353982609421459848e+01,8.191525473523469936e-01,0.000000000000000000e+00,0.000000000000000000e+00,0.000000000000000000e+00,1.527635563155674703e+01,0.000000000000000000e+00,1.348293569431967853e+01,0.000000000000000000e+00,5.930211517761754436e+01,4.989897557158963437e+00,0.000000000000000000e+00,8.162584447149029421e-01,9.789206913539354460e+00,0.000000000000000000e+00,4.045730704691865576e-01,0.000000000000000000e+00,0.000000000000000000e+00,0.000000000000000000e+00,1.428377614092470216e+00,1.597682242749341519e+01
1.916884821522796045e+01,5.003767639425080915e+01,5.885704109921178429e+01,3.636668985801934184e+01,3.854687024890512959e+01,3.464179778665891973e+01,7.691143276791858163e+00,3.359548758711777339e+01,4.113374135910303409e+01,1.519549702355813636e+01,2.409965994939283362e+01,4.106640162573891928e+01,3.849065295341726056e+01,2.504456559784098957e+01,5.195215176341751118e+01,5.428248978825293847e+01,5.997193507109906108e+01,0.000000000000000000e+00,1.703629758844328634e+01,3.720385038926956156e+01,4.680572545774601423e+01,5.030046039574703087e+01,5.288233554624334687e+01,3.593995387277213638e+01,7.910315385505335417e-01,4.523523029121700745e+01,6.131396428594040771e+01,2.257522896682154823e+01,4.113959148590002712e+01,1.701720121487119641e+01,0.000000000000000000e+00,4.728206662801481031e+01,4.673737363520071852e+01,4.946365179512228138e+01,5.938383855860645610e+01,5.054622678704032523e+01,5.337216813546498884e+01,5.325871250052170325e+01,5.548476190311409795e+01,4.965598551349187062e+01,5.735213322440095141e+01,2.772772636604056018e+01,4.149454224584973616e+01,2.624789251525433187e+01,4.015152404557411181e+00,4.231678976941454784e-01,4.689187614642327162e+01,0.000000000000000000e+00,0.000000000000000000e+00,1.278162333901681080e+01,7.485752461561510529e+00,0.000000000000000000e+00,2.193127710139228981e+01,8.302205925557163413e-01,1.973476409912110263e+00,5.439225947619048185e+01,2.459376292442205347e+00,5.025341201524783941e+01,9.491410452809496689e+00,0.000000000000000000e+00,5.559321555698812034e+01,0.000000000000000000e+00,3.266176906984238126e+00,2.284562902521470917e+01,4.212448078532897000e+01,0.000000000000000000e+00,0.000000000000000000e+00,0.000000000000000000e+00,4.691953973094432939e+01,9.652332035463249582e+00,5.747980293552617326e+01,6.444244826017918371e+00,6.364679022956207888e+01,0.000000000000000000e+00,0.000000000000000000e+00,2.390181783419938810e+00,6.261148668124943839e+01,1.634658362457070879e+01,3.227858796062954383e+01,0.000000000000000000e+00,0.000000000000000000e+00,1.102951175537869410e+01,1.465517865959090749e+01,7.168149072732509453e+00
2.798447627534236304e+01,1.691847797460224001e+01,5.372604004330773364e+01,5.378920891772657598e+01,1.269072784141995136e+01,1.339912841502287044e+01,3.359548758711777339e+01,7.148441561724645510e+00,5.358796403057987590e+01,2.454587256219744162e+01,4.851071003026684991e+01,3.883786954251490897e+01,4.995844737437278837e+01,1.347847772284167078e+01,2.589174822843136781e+01,4.607147821749226324e+01,5.427490605148548042e+01,4.855510163147956604e+01,5.362030071847796364e+01,4.526172823326024286e+01,5.858413701352765202e+01,5.601135900863734207e+01,6.159329570754294991e+01,4.722836213244332981e+01,4.269175836178470007e+01,6.016724439416587700e+01,5.303894473460281489e+01,5.025194082109386073e+01,2.762798888911911277e+01,4.777500833805804348e+01,2.385841013543047495e+01,1.229427950296766348e+01,4.845629773446859190e+01,3.143802002941963991e+01,5.069300020618561575e+01,4.756124179039026245e+01,5.390098524792518475e+01,3.638001839789891534e+01,4.645797184960893134e+01,2.174039484613248163e+01,1.785505149927186608e+01,4.261352831613861980e+01,2.129461766074946283e+01,7.542903174215291884e+00,4.025604475790000025e-01,3.479178371714123141e+00,2.047262805729955559e+01,3.720262726741052073e-01,1.392027812217598637e+00,0.000000000000000000e+00,5.976323782508061733e+00,0.000000000000000000e+00,1.564025821970470576e+00,3.446374864720586073e-01,3.978208570338022665e-01,2.878403431147484870e+00,0.000000000000000000e+00,5.808674362049286088e+01,0.000000000000000000e+00,3.054474759457712185e+00,2.291961448588341810e+01,8.116683020520566672e+00,0.000000000000000000e+00,6.210489771259370073e+00,2.421511635851503641e+00,0.000000000000000000e+00,0.000000000000000000e+00,0.000000000000000000e+00,4.552489081425455275e+00,0.000000000000000000e+00,3.412448557974593655e+01,0.000000000000000000e+00,5.828386847605027299e+01,1.329072975993749139e+01,0.000000000000000000e+00,8.213083352615596633e-01,8.641540748207127365e+00,0.000000000000000000e+00,0.000000000000000000e+00,0.000000000000000000e+00,0.000000000000000000e+00,0.000000000000000000e+00,1.350333199572207210e+00,1.017152578439285904e+01
4.798431449191468090e+01,3.959789186520438165e+01,5.779810147861634562e+01,3.685720453368344351e+01,2.834494236626071384e+01,4.144568894077027466e+01,4.113374135910303409e+01,5.358796403057987590e+01,5.865616407231546425e+00,4.726262647927609351e+01,3.170613957874813593e+00,1.032756667762983405e+01,3.735644324780653847e+01,5.430189221181993275e+01,9.913319247075964569e+00,3.515294647524859073e+01,6.028440489191164886e+01,3.882968390165857930e-01,1.663178645319012716e+01,3.283762643336406484e+01,4.775268925242841078e+01,1.465167429926935583e+01,5.300504995379928630e+01,1.534249111054524661e+01,4.306412687039220799e+01,5.197056568368379459e+01,4.680046594882244904e+01,3.789274127297386485e+01,4.728431878882666695e+01,4.259978034066691066e+01,4.205411654799738885e-01,8.048293067210943619e+00,4.404643949347380527e+01,4.436317975889862453e+01,5.742258047716291003e+01,3.465759905830685028e+01,4.457911000587255756e+01,4.941867038094189724e+01,5.096886318052077058e+01,1.019453874901615364e+01,5.301626166260116690e+01,1.785840685999638566e+01,4.211594908558061690e+01,4.798114895962307713e+01,5.514632826985387481e+01,5.515608732656719582e+01,2.674122762983495250e+01,4.426246496533124741e+01,3.459038853052243567e+00,5.236989084383002080e+01,4.531745519522254284e+01,4.245385110938972417e+01,5.254081702899627970e+01,2.067042066303651993e+01,5.166905621902570545e+01,4.917956476953711586e+01,5.763143066851560548e+01,1.119744172097567692e+01,5.661857746033900440e+01,7.239748549105512687e+00,3.252301245439655730e+01,1.176235910671862062e+00,5.763574816324143057e+01,3.459866592923857098e+01,4.410033015785889887e+01,2.248227043768659428e+01,0.000000000000000000e+00,4.230540261339775787e-01,4.722707787056543083e+01,5.272145974099500876e+01,2.508602756887434282e+01,5.677886373848992463e+01,3.457561256561273666e+01,4.364018781861263463e+00,7.158535354766089931e+00,5.543003378702280770e+01,4.775000085642236058e+01,5.510365247590338100e+01,4.941269943261740849e+01,0.000000000000000000e+00,4.146222925897836142e-01,5.080125777140000309e+01,5.188303488190370416e+01,3.554840800480504015e+01
4.238662080325387649e+01,1.628665753264925353e+00,3.529004845574007021e+01,1.432987779641503856e+01,4.005852232067927332e+01,1.752058325317603149e+01,1.519549702355813636e+01,2.454587256219744162e+01,4.726262647927609351e+01,7.609192447860180231e+00,2.693029925384333367e+01,1.444910108962429796e+01,3.263154144074478324e+01,3.073617696607283634e+01,4.875932530385964014e+01,3.276607168770616596e+01,1.393083465680553701e+01,0.000000000000000000e+00,0.000000000000000000e+00,1.227654516108568217e+01,5.953429602159015133e+01,5.680969379534877106e+01,5.882092701461090911e+01,3.500741784856010241e+01,0.000000000000000000e+00,8.256140751625149488e-01,1.686529829913873613e+01,1.941984514831398201e+01,5.548757150842470764e+01,5.257374146530123937e+01,0.000000000000000000e+00,5.164925347213222295e+01,5.493488009839322928e+01,5.503636670859158642e+01,4.571707016813227398e+01,5.587594664495533436e+01,5.729604178983201734e+01,5.636210066483418046e+01,5.790771520135636763e+01,4.790966487763414250e+01,5.769893158958570467e+01,1.611316045599791380e+01,2.887297976278671285e+01,0.000000000000000000e+00,0.000000000000000000e+00,0.000000000000000000e+00,5.578747582606328592e+01,0.000000000000000000e+00,0.000000000000000000e+00,1.257587077012705334e+00,0.000000000000000000e+00,0.000000000000000000e+00,1.161634215115904212e+01,0.000000000000000000e+00,1.227396979260802157e+00,1.157543283085910524e+01,0.000000000000000000e+00,5.593997112243024361e+01,1.214085536216619410e+00,0.000000000000000000e+00,5.729733953100109289e+01,0.000000000000000000e+00,0.000000000000000000e+00,2.623150019827701129e+01,3.906635739910074845e-01,0.000000000000000000e+00,0.000000000000000000e+00,0.000000000000000000e+00,2.803060937802180774e+01,0.000000000000000000e+00,2.594931873044988535e+01,0.000000000000000000e+00,6.556249475076508304e+01,0.000000000000000000e+00,0.000000000000000000e+00,0.000000000000000000e+00,2.321167073565544214e+01,0.000000000000000000e+00,8.202045212930708651e-01,0.000000000000000000e+00,0.000000000000000000e+00,0.000000000000000000e+00,0.000000000000000000e+00,1.228799193652708954e+00
3.935177873351837974e+01,4.179203000331116158e+01,4.947158934878137870e+01,4.032522173070186566e-01,3.734921108050092187e+01,4.916241190730583810e+01,2.409965994939283362e+01,4.851071003026684991e+01,3.170613957874813593e+00,2.693029925384333367e+01,7.055829080953590626e+00,3.810857819769604049e+01,1.235412680637992899e+01,4.778636505250254629e+01,2.530773735836530491e+01,1.392621018057946891e+01,3.084657563054903306e+01,1.231686420492847489e+01,1.406045404871369620e+01,1.268906035878539917e+01,3.990713185341985536e+01,3.848125145530445934e+01,4.848260931760538028e+01,1.908272520886270840e+01,1.901186287486014237e+01,1.686753368149680199e+01,3.410727528186128410e+01,1.533152728009580024e+01,4.066961948479354305e+01,3.788781354448291694e+01,1.947799774978152954e+01,4.193268813757879343e+01,3.380618978098782179e+01,1.395872850265063470e+01,3.552088984295360774e+01,4.415003078156444616e+01,1.691502070973380967e+01,1.801828561094144376e+01,3.113081949893194178e+01,4.253387861535117764e+01,3.432642770944941901e+01,1.178673004382228484e+01,2.155320569250544338e+01,3.945505096842365589e+01,5.431434990387916883e+01,3.640751183479861908e+01,7.026822417529659859e+00,4.399926735038188319e+00,3.626785648788089134e+01,0.000000000000000000e+00,4.824547750492266829e+01,9.945197337895487877e+00,0.000000000000000000e+00,1.480954412204117387e+00,1.130200941171217499e+00,0.000000000000000000e+00,2.826573841607392001e+00,4.061054115864776159e-01,0.000000000000000000e+00,4.965656733638682852e+01,0.000000000000000000e+00,4.598628421172904268e+01,2.807882422831520230e+00,4.211758940967161635e+00,4.246507900864328611e-01,1.655372177332787587e+01,5.585883208013279955e+01,5.695813375681852619e+01,0.000000000000000000e+00,0.000000000000000000e+00,1.067606351861906155e+01,3.850627728362574498e-01,0.000000000000000000e+00,3.338190265861762640e+01,5.765439788232495033e+01,5.766376035669733113e+01,0.000000000000000000e+00,9.741067121989683386e+00,0.000000000000000000e+00,5.680615430340423444e+01,3.804226263245539919e+00,0.000000000000000000e+00,5.180644678349596433e+01,1.653775875129510098e+01
4.800397001219104709e+01,1.862819912184530935e+01,5.412732014015542603e+00,2.491782879039532617e+01,3.383009277410658910e+01,1.381509563785030537e+01,4.106640162573891928e+01,3.883786954251490897e+01,1.032756667762983405e+01,1.444910108962429796e+01,3.810857819769604049e+01,6.053306283979425828e+00,2.918463979674489295e+01,4.702430061490370861e+01,8.493134058670937847e+00,1.295794597549817873e+01,6.188216793003365801e+00,3.285964951586362037e+00,1.177661490220081753e+01,9.630504171972281924e+00,3.757225298225341703e+01,4.313328757138881997e+01,3.109648989777133465e+01,1.455660319229151334e+01,4.726182909154181822e+00,5.699559714324777815e+00,1.260825071477179016e+01,3.574761677734089460e+01,4.988986351901068872e+01,5.454977814377870260e+01,0.000000000000000000e+00,4.901585197438571839e+01,5.049653249628776308e+01,4.762399144957093711e+01,2.490502286427544831e+01,4.092986325591898122e+01,4.834077349049584171e+01,4.879993226498589109e+01,4.970482225072687754e+01,1.290580376895494119e+01,4.987807502073165011e+01,2.210449018971467794e+01,2.186727919413005239e+01,2.908332957557183907e+00,6.923083526063239290e+00,3.552466036668463722e+00,3.814588520939996386e+01,4.250295553634402812e-01,3.427823194816932983e-01,1.588087356594914823e+01,2.434483029949130461e+00,0.000000000000000000e+00,4.788048588792170079e+01,8.203989304120266723e+00,3.383085905482550970e+01,4.813839585925327214e+01,1.872655634712086581e+01,3.324238484314916775e+01,4.946644845878060437e+01,0.000000000000000000e+00,3.560290928230494245e+01,3.391360667214466385e-01,1.317404836825470404e+01,3.651390868991116179e+01,7.044681693106235265e+00,0.000000000000000000e+00,0.000000000000000000e+00,0.000000000000000000e+00,4.265956970970822226e+01,2.401792644861320714e+00,2.889002785669547180e+01,7.895025281763805580e-01,4.843535049479109489e+01,0.000000000000000000e+00,0.000000000000000000e+00,8.090899595573769476e-01,5.777750186415980949e+01,1.567690584753959016e+01,1.226791847032892058e+01,0.000000000000000000e+00,0.000000000000000000e+00,7.346818500381888661e+00,1.341089722816779961e+01,4.856717131105392049e+00
3.094165150103650319e+01,3.237447233075656072e+01,4.895519637597610085e+01,3.140828949657837210e+00,3.081529484722205581e+01,4.706741998599417798e+01,3.849065295341726056e+01,4.995844737437278837e+01,3.735644324780653847e+01,3.263154144074478324e+01,1.235412680637992899e+01,2.918463979674489295e+01,5.097079865563380885e+00,4.996836551403189475e+01,2.094236721535310508e+01,4.452119179772481061e+01,4.869105964188267421e+01,3.184037708055005922e+01,3.909385767632651465e+01,1.696446475065366855e+01,4.538643507268696453e+01,4.715085026299110638e+01,4.920835497454579865e+01,4.525168867057998057e+01,1.124922931654513114e+01,2.018217192489486322e+01,1.169971759399463807e+01,4.530765706912079338e+01,4.659695753017848574e+01,4.045743122444633144e+01,8.133876519612314837e+00,4.372974061473335183e+01,3.133315962292644841e+01,1.987092784200964246e+01,3.960693414847880689e+01,1.527466656234312303e+01,1.687056509613035615e+01,1.873498020397961383e+01,1.702518099735075552e+01,2.661092164305751950e+01,1.537474152920658632e+01,7.787978981968902481e+00,1.956577526993433835e+01,3.427175944792112716e+01,4.834271114797082447e+01,4.564016725803366370e+01,2.795425878436325817e+01,1.854952172960758006e+01,2.931807549934324086e+01,0.000000000000000000e+00,4.601930420960527357e+01,9.475890299099598124e+00,0.000000000000000000e+00,6.502006999871877468e+00,4.421580780797926380e+00,7.636448305044626350e-01,7.314700856374865445e+00,1.211123949971363700e+01,0.000000000000000000e+00,4.508821976498752804e+01,4.848104448460821003e-01,3.869136311726132504e+01,9.134153448645742301e+00,1.770728812126208496e+01,2.817798899180854466e+00,2.936741868678610246e+01,5.487911330352152817e+01,5.538565626791276486e+01,0.000000000000000000e+00,3.462547117204811897e+00,3.339549171906723046e+01,8.191689459245603544e+00,1.207654269773570821e+00,2.729893682302159519e+01,5.256118931427190688e+01,5.148862895649728699e+01,2.341664584714973962e+00,2.241454394403919181e+01,2.641534705660236959e+00,5.253243668799103716e+01,1.113718423558704806e+01,9.948461447189100859e-01,4.743745923357801075e+01,4.241146144455898792e+01
1.279419624547227130e+01,2.479626011492600313e+01,6.258846472984725295e+01,5.743729444991890887e+01,2.132657155949194561e+01,3.136364509731223649e+01,2.504456559784098957e+01,1.347847772284167078e+01,5.430189221181993275e+01,3.073617696607283634e+01,4.778636505250254629e+01,4.702430061490370861e+01,4.996836551403189475e+01,6.605132187802468913e+00,4.042035469800834591e+01,5.452700682352201511e+01,5.838683117391214239e+01,5.183430567265295252e+01,5.275475401180143109e+01,5.190306147631655875e+01,5.709282352266609450e+01,5.890495631247957675e+01,6.081008102329892040e+01,5.154684480277948921e+01,4.215982379634896660e+01,5.861904198621393647e+01,5.712580156711221235e+01,5.273401617250015505e+01,1.556758108406779328e+01,4.318844812947600786e+01,2.999875459457511440e+01,1.191567025360468257e+01,3.964197961734642917e+01,2.983248446254733821e+01,5.748445161780386314e+01,4.676176106424779277e+01,5.415886012397856319e+01,3.614742517335606919e+01,4.799993666779778323e+01,2.613627174147014287e+01,2.210744315492978274e+01,4.204905051853604903e+01,2.051287288428539668e+01,9.003377463687121107e+00,1.827827681356400280e+00,2.292760004451621203e+00,1.521566123298151396e+01,1.542823876907577718e+00,2.340490540461755309e+00,4.209087428761940086e-01,7.923091361771766650e+00,0.000000000000000000e+00,2.063742025574637928e+00,0.000000000000000000e+00,4.013785746560149525e-01,3.321460467665936278e+00,0.000000000000000000e+00,5.938354317359947743e+01,0.000000000000000000e+00,1.150101732851854353e+00,1.166901971839158669e+01,3.792613356860716767e+00,0.000000000000000000e+00,1.920373575011296907e+00,6.490496393459948443e+00,0.000000000000000000e+00,0.000000000000000000e+00,0.000000000000000000e+00,2.469061068634485157e+00,0.000000000000000000e+00,4.664733811983885658e+01,0.000000000000000000e+00,5.699433765353114012e+01,1.172209158940102114e+01,0.000000000000000000e+00,4.182535997077612144e-01,5.803021680063279675e+00,0.000000000000000000e+00,0.000000000000000000e+00,0.000000000000000000e+00,0.000000000000000000e+00,0.000000000000000000e+00,2.626469170869287217e-01,1.079652825635464453e+01
4.379628752556971705e+01,3.912680875009976234e+01,4.376065663786629756e+01,4.303047812038546027e+01,6.781361172514074553e+00,8.470963557481661965e+00,5.195215176341751118e+01,2.589174822843136781e+01,9.913319247075964569e+00,4.875932530385964014e+01,2.530773735836530491e+01,8.493134058670937847e+00,2.094236721535310508e+01,4.042035469800834591e+01,4.230546924454412938e+00,5.012304916512937325e+01,4.148409869361179858e+01,8.603416423892495501e+00,2.258373297862152640e+01,3.702596723327394557e+01,5.033146485633511702e+01,4.813260983268606452e+01,5.233543349920393695e+01,2.947477656337700580e+01,7.683150988906176870e+00,4.407113507873884117e+01,5.467362659710513384e+01,5.443739285972622355e+01,3.985058626694401340e+01,4.892538980297111806e+01,8.191337300770299423e-01,2.329837724205731320e+01,3.754504785401779543e+01,3.483380687363078465e+01,2.401822920674478823e+01,2.297535554363697941e+01,3.892810272431130869e+01,2.833776231859355832e+01,2.504380559637589343e+01,5.855867780260084920e+00,1.800651982304556498e+01,2.638663111745985645e+01,3.811220917901707139e+01,4.821586699531256670e+01,4.364283825765766522e+01,3.703717200990326575e+01,3.185001946538563189e+01,3.292174536320145961e+01,2.383601861427079172e+01,6.870049683015739816e+00,1.730050394665543934e+01,2.111742039595441867e+01,2.602044981359508924e+01,1.397818598342746199e+01,1.544507476286742254e+01,2.232075012057237018e+01,8.215419029121967753e+00,3.625993282576017407e+01,2.213990616630275809e+01,1.753312097891281596e+01,3.912834003258468840e+01,7.461730074526658818e+00,6.684535455940972426e+00,2.571185382938230291e+01,1.755610816870163404e+01,2.161987019664047693e+01,8.263373588448134077e-01,8.250602499169501058e+00,3.165812360891449728e+01,2.707839698862613531e+01,4.950777642504396425e+01,4.260456941329492508e+01,5.124074077024689444e+01,2.800441286457119316e-01,1.401685438187757704e+01,2.396404433796062605e+01,4.008754412678145940e+01,2.810811629932180367e+01,3.397932902725362680e+01,0.000000000000000000e+00,1.203396640606780643e+00,1.758184568917573287e+01,3.741285464972688857e+01,4.215662687522589636e+01
5.688151409101701717e+01,3.862227885981975817e+01,4.713977390702626735e+01,1.570198832286869894e+01,2.696185154717983323e+01,2.017389562385847057e+01,5.428248978825293847e+01,4.607147821749226324e+01,3.515294647524859073e+01,3.276607168770616596e+01,1.392621018057946891e+01,1.295794597549817873e+01,4.452119179772481061e+01,5.452700682352201511e+01,5.012304916512937325e+01,7.484089876004840214e+00,5.730813269731369530e+01,7.973126653415038012e-01,5.002720014235518420e+01,1.428840052379417358e+01,1.265785463970733105e+01,1.882376706523263366e+01,1.567724071892972937e+01,1.788711935417444820e+01,4.616907081995753970e+01,5.932070815311710987e+01,1.625599445444080615e+01,2.459804400654299883e+01,5.562805560889721335e+01,5.203795079592326545e+01,8.142302498888619455e-01,1.609460118991227651e+00,5.249851458578708474e+01,4.807177830059716683e+01,6.190204288076189698e+01,4.704350218737821621e+01,3.146533055869646134e+01,4.795885751043317669e+01,4.889541463519548614e+01,5.491508154987197088e+01,5.451658729977935991e+01,4.619387125379873993e+01,5.826659787900937459e+01,4.911143066341097807e+01,6.090266778389236890e+01,5.950959132741140678e+01,4.391182772379526966e+01,2.026442442130093724e+01,8.446906929585485946e-01,2.478562093496153551e+01,5.009272763096709014e+01,5.785144990402637433e+01,0.000000000000000000e+00,5.268253828399816818e+00,0.000000000000000000e+00,4.009309016969113770e+01,1.609035918961712497e+00,4.683732186293276101e+01,1.979596977803249613e+00,7.857445674156081639e-01,3.165701965787517835e+00,1.600203898415637482e+00,7.705430130460367621e+00,1.376126711404144665e+01,5.546053937742646411e+01,3.661763847046457698e+01,0.000000000000000000e+00,2.035502523925175389e+00,2.344031262753613287e+00,5.872813041833319403e+01,3.517217046384539003e+01,6.093281269546510259e+01,5.876702272345376343e+01,5.603019813993085130e+00,1.895737577710380961e+01,5.910428248375779958e+01,6.138358833581015261e+01,3.748475243328477546e+01,5.318844937446963428e+01,0.000000000000000000e+00,0.000000000000000000e+00,3.007132421309166048e+01,5.805408731549575663e+01,3.086384465200193361e+01
5.822922478476136376e+01,3.816642152373889019e+01,2.429671772005384867e+01,1.646359163730298336e+00,2.589487937187327660e+01,3.825853915044216791e+01,5.997193507109906108e+01,5.427490605148548042e+01,6.028440489191164886e+01,1.393083465680553701e+01,3.084657563054903306e+01,6.188216793003365801e+00,4.869105964188267421e+01,5.838683117391214239e+01,4.148409869361179858e+01,5.730813269731369530e+01,6.778076198826179066e+00,3.890180267341401787e+01,1.301555345097638572e+01,4.455398018680403638e+00,3.859090068534811024e+01,4.856865905850168019e+01,1.753514621631822124e+01,6.304905270158160846e+01,4.440888496996646495e+01,2.112971040428020686e+01,4.233689793471314289e+01,5.863611041537033230e+01,5.493121543178637722e+01,4.594448688141657300e+01,4.513905503827259480e+01,3.309688472660373293e+01,5.380937995567668253e+01,1.869596767255795555e+01,5.928722301809294493e+01,4.553568760078774602e+01,2.914970549538377043e+01,3.013297418714036979e+01,3.804212980218014906e+01,5.272370582310991693e+01,4.864938688873997563e+01,4.414632240728207790e+01,5.047698958424381743e+01,5.459582776074103805e+01,5.746085120587803630e+01,4.630032642154743883e+01,1.759247331761601885e+01,8.229476017738432958e-01,1.820760186038799855e+00,0.000000000000000000e+00,4.499369385312587610e+01,6.157778728288334946e+01,0.000000000000000000e+00,5.436681638309609710e+00,0.000000000000000000e+00,0.000000000000000000e+00,0.000000000000000000e+00,2.939054591904823965e+01,0.000000000000000000e+00,1.695436923691966058e+01,0.000000000000000000e+00,4.006735285593956064e+01,0.000000000000000000e+00,2.012824147257639851e+01,4.430201391511477738e+01,5.707480638150189378e+01,1.203296361515176827e+01,4.831364917010354532e+01,0.000000000000000000e+00,6.877217278551690960e+00,5.349998267270774477e+01,4.919892959906381691e+01,4.112685388593537716e+00,5.232515168472313150e+01,6.319558743687273505e+01,6.207003759569788315e+01,0.000000000000000000e+00,0.000000000000000000e+00,0.000000000000000000e+00,7.117533331723952195e+00,0.000000000000000000e+00,0.000000000000000000e+00,4.814482505522911282e+01,4.018616810351066704e+01
2.403772709974599575e+00,4.585906107416055733e+01,4.751049590775950549e+01,0.000000000000000000e+00,2.376634177050018337e+01,4.728246575610059210e+01,0.000000000000000000e+00,4.855510163147956604e+01,3.882968390165857930e-01,0.000000000000000000e+00,1.231686420492847489e+01,3.285964951586362037e+00,3.184037708055005922e+01,5.183430567265295252e+01,8.603416423892495501e+00,7.973126653415038012e-01,3.890180267341401787e+01,4.872811991030450152e+00,1.001227429849360462e+01,0.000000000000000000e+00,2.065265470547463522e+01,2.932344734982217815e+01,4.305554380640773360e+01,4.150254263806716359e-01,3.243660184355083942e+01,1.574070976468109961e+01,3.660304434656908512e+01,0.000000000000000000e+00,5.544086332582642740e+01,8.700195623274458612e+00,3.215697322591393714e+01,5.021282692746741105e+01,1.036833949587239090e+01,3.326164080779164323e+01,1.694577867593339349e+01,5.070156566074237503e+01,2.945296595437329401e+01,3.362330066565211695e+01,4.282976383931325159e+01,5.267845442035311976e+01,4.465388366101172579e+01,3.766816614432484300e+01,4.707418123881019767e+00,4.983071780496444347e+01,5.202514813798413940e+01,9.181526121927140238e+00,8.174012596927499041e-01,0.000000000000000000e+00,2.078688850202878768e+01,0.000000000000000000e+00,4.782780601932274323e+01,1.209585673773462933e+00,0.000000000000000000e+00,0.000000000000000000e+00,0.000000000000000000e+00,0.000000000000000000e+00,0.000000000000000000e+00,0.000000000000000000e+00,0.000000000000000000e+00,5.556998506510916513e+01,0.000000000000000000e+00,5.333343941941770083e+01,0.000000000000000000e+00,4.161904178448582181e-01,0.000000000000000000e+00,7.923099318547030201e+00,5.218602602976002203e+01,4.327704964875545102e+01,0.000000000000000000e+00,0.000000000000000000e+00,1.923381207594229370e+00,0.000000000000000000e+00,0.000000000000000000e+00,4.253246248731155532e+01,6.148471706199122622e+01,5.933746745546984869e+01,0.000000000000000000e+00,4.224418241586268552e-01,0.000000000000000000e+00,5.536708327952424469e+01,0.000000000000000000e+00,0.000000000000000000e+00,4.015236379952827406e+01,3.216031643881724023e+00
2.432461302980262374e+01,3.857396041523658425e+01,4.140657781363477596e+01,0.000000000000000000e+00,2.993315207167498571e+01,4.685730646776591612e+01,1.703629758844328634e+01,5.362030071847796364e+01,1.663178645319012716e+01,0.000000000000000000e+00,1.406045404871369620e+01,1.177661490220081753e+01,3.909385767632651465e+01,5.275475401180143109e+01,2.258373297862152640e+01,5.002720014235518420e+01,1.301555345097638572e+01,1.001227429849360462e+01,6.522614717612337465e+00,0.000000000000000000e+00,5.158766217367060847e+01,5.500233866008709072e+01,4.371734072216950295e+01,1.863721501364637589e+01,3.398337683153231836e+01,1.827322489988373633e+01,4.006685547434864247e+01,4.162422787991216211e+01,5.353812850159305725e+01,5.353424338105638469e+01,3.982161378166306065e+01,5.034284106570787287e+01,2.621149599303060995e+01,2.133392742323097124e+01,4.722056317394886804e+01,4.802698009090298115e+01,2.798046959422660862e+01,2.978464047308237284e+01,3.837597368285354094e+01,5.252865459515810898e+01,4.859639312001928602e+01,3.976054347537558442e+01,3.601710777183303946e+01,5.404530741600262189e+01,5.939729539645842493e+01,3.685020836709181680e+01,3.779798052204189851e+00,3.951169768376119329e-01,1.487805685119249688e+01,0.000000000000000000e+00,4.461352758146307451e+01,4.329851164085248172e+01,0.000000000000000000e+00,2.743116919674087217e+00,0.000000000000000000e+00,0.000000000000000000e+00,0.000000000000000000e+00,4.237678300088917882e-01,0.000000000000000000e+00,5.564475043163137968e+01,0.000000000000000000e+00,5.634140482172992392e+01,0.000000000000000000e+00,5.369191098569045195e+00,1.910035631549890089e+00,4.475436084151768057e+01,5.112599864038097763e+01,5.792414583482423041e+01,0.000000000000000000e+00,1.546347347658072691e+00,4.087330666739624974e+01,1.196570106050860538e+01,0.000000000000000000e+00,4.511264809169695411e+01,6.160181861038616802e+01,5.961381060057205872e+01,0.000000000000000000e+00,0.000000000000000000e+00,0.000000000000000000e+00,5.105659491008717055e+01,0.000000000000000000e+00,0.000000000000000000e+00,5.050765238149746494e+01,2.084998045164215341e+01
