7.366329693397271505e+00,7.789120905303799702e+01,6.595061190522015693e+01,5.864115210949690749e+01,5.166621127903228938e+01,4.718339390267061617e+01,2.015968609410275647e+01,2.990602328356344586e+01,4.694187294803635524e+01,4.940526083813531955e+01,6.995766840045850188e+01,6.107921547718421351e+01,6.984584438540895235e+01,1.425362907732466944e+01,5.622378025600144724e+01,7.056911717753439461e+01,6.401102512330410832e+01,7.546190059721234888e+01,7.774906960043108484e+01,5.783969515099573044e+01,5.183210705421618769e+01,5.634394932512293508e+01,5.865621534496852263e+01,5.004709821925221291e+01,7.320011562184448906e+01,7.890564271364387139e+01,8.132970981892729867e+01,5.203258949010317025e+01,1.312809719295182553e+01,2.305986158201146807e+01,4.387163401836186694e+01,5.554086025126800763e+01,3.126010900585830399e+01,4.098869310034987024e+01,9.073494401710171076e+01,5.379508089066868592e+01,6.656477538664047700e+01,5.051292690701932742e+01,5.854116964721746541e+01,4.894799420160686765e+01,4.918140803499841240e+01,5.893924657788588917e+01,9.024335857336586741e+01,9.336711531283073384e+01,9.758614345474710206e+01,9.967790658777543911e+01,8.978134281559694330e+01,9.242603263061869256e+01,1.041118044876933624e+01,9.031058720241372839e+01,8.070189462921428003e+01,9.852191997111445687e+01,7.818099648584659178e+01,1.413480325955064210e+01,8.758227840231954531e+01,9.105713826671031086e+01,1.004527000199002629e+02,6.019895009777508932e+01,9.409798216935155324e+01,3.832567019486310755e+01,7.807964990680831363e+01,2.667832884147986405e+01,1.011218135647538077e+02,5.682173709110242044e+01,8.816829670380408857e+01,8.692598042654161361e+01,8.512267610920007499e+00,3.292383921798781898e+01,8.074791747139190079e+01,9.149965239943171014e+01,7.084703868740858468e+01,1.012767347289311601e+02,7.977625755263444773e+01,2.189080228852987986e+01,9.809010201666316675e+01,1.043400578801563370e+02,8.758056401111842604e+01,9.769515823266519305e+01,8.848295940233693102e+01,5.579807338429918495e+00,1.369973003330514949e+01,8.686554711760699377e+01,9.555634737425607739e+01,1.055150612380365089e+02
7.789120905303799702e+01,6.642696839019495592e+00,3.182181522143968877e+01,4.629792134141052884e+01,2.051315875551593138e+01,7.753150976626574220e+01,7.760825013094331837e+01,8.869569765643217352e+01,4.252603798951107450e+01,9.060663668148431782e+01,4.126124462032316131e+01,6.190251804366471333e+01,3.347010605337197120e+01,8.751494283846038513e+01,6.247430336993755873e+01,4.066118518141176708e+01,3.706273764069933918e+01,4.666662636545104448e+01,3.969345051371180944e+01,5.425149317878990729e+01,6.306146197804394404e+01,1.688641230673346172e+01,4.866490124059664879e+01,4.962590771923405697e+01,1.314068018864751686e+01,3.338372813555212559e+01,1.962505394260452718e+01,6.635850947070748873e+01,7.801759692300184668e+01,6.827980026267537994e+01,4.349117262661687278e+01,3.330640542329246045e+01,7.253555259967264135e+01,3.811585757003577157e+01,8.821074164401653661e+01,5.114780791325793530e+01,2.529886990016945347e+01,3.860116006464926386e+01,4.544971375096635313e+01,6.526930389735969129e+01,6.204130689984499725e+01,3.659279419201546091e+01,6.184060104807533520e+01,3.568103908860937423e+01,5.027567970212824378e+01,5.815541261949240948e+01,7.264537812030037855e+01,6.354804261866223669e+01,4.188894269181157171e+01,7.489027582393161708e+01,1.009698828545561256e+01,4.198524368458797795e+01,2.814769433624114825e+01,6.270153804798034969e+00,3.299462273820715552e+01,8.934655272770150702e+01,6.757552645479269415e+01,6.706803083360186690e+01,5.592139004407067659e+01,5.850406097965262120e+01,3.373144907026149042e+01,5.698828974573397232e+01,9.447471455951576047e+01,2.615704205356427181e+01,6.426291754446441473e+01,4.933556452735650311e+01,6.229853889004576217e+01,5.219253750759972377e+01,3.675401723844073842e+01,7.506829057672608485e+01,2.891119053401020977e+01,6.154271851120351045e+01,8.205938069739868013e+01,2.961810174025622189e+01,4.523837021903464972e+01,3.910627499159632947e+01,9.148665830020800627e+01,8.820801553346622370e+01,8.214180499094102572e+01,6.473001220054234750e+01,3.136026581721522266e+00,3.860847900162882240e+01,4.960945031446393472e+01,9.472229322498171200e+01
6.595061190522015693e+01,3.182181522143968877e+01,9.062144394403148340e+00,7.568860190170629210e+01,5.252535152891694281e+01,8.557715837144910154e+01,6.359630350319810788e+01,7.942078441912086362e+01,6.812555975171692069e+01,8.371080317665615667e+01,5.481130935015696792e+01,8.602575552515973811e+01,6.200281265061035185e+01,7.583195751559843245e+01,6.198689451154175600e+01,5.336285928404213763e+01,2.610746539091005758e+01,5.618676149366500994e+01,4.328825561689041024e+01,8.948640113780231786e+01,4.456525746420659573e+01,4.174229573828976214e+01,2.224349135088749208e+01,6.589847542105425759e+01,5.620096279520360127e+01,1.995039723336146409e+01,2.427122041181860013e+01,5.668383621724746035e+01,7.346648835541981271e+01,5.439109522805086527e+01,6.559625659614752635e+01,7.752898619752913589e+01,7.108512013879371239e+01,3.842630176273100773e+01,8.706579525267791553e+01,4.980646873608804981e+01,2.853505665958223148e+01,3.876271801487725099e+01,4.466996165754000714e+01,6.231284029782599276e+01,5.933061977929378372e+01,6.032909589282615315e+01,8.043976417514548416e+01,5.343868893193709368e+01,7.228534792918057406e+01,7.939340820961824363e+01,8.945721087607998356e+01,8.678510958135110798e+01,6.782500932777529101e+01,9.971813071386735317e+01,4.228480395026617344e+01,6.355206823936502758e+01,2.437425875307906864e+01,1.363428341500201668e+01,3.047603413596081268e+01,1.010640553332659408e+02,8.240562435426690513e+01,8.158378464964327748e+01,5.881773066679974704e+01,8.654963314828100351e+01,3.894833146280317493e+01,8.356012665852345833e+01,1.058277141176877620e+02,4.922196331318660611e+01,7.693364335316536540e+01,7.174753521055643546e+01,8.872434205873389601e+01,7.932397505326841269e+01,2.273757410761136910e+01,9.015016948192872803e+01,5.442976741160683929e+01,7.644871910788197056e+01,9.340058291200961094e+01,6.700439944049735175e+01,7.092284710447319185e+01,6.427545237665313493e+01,9.954252156722155576e+01,1.027250541931169607e+02,9.549633788333439099e+01,6.749321785484580971e+01,2.465028677413708902e+00,7.761357418418187137e+01,7.200399750693418355e+01,9.805861657625534633e+01
5.864115210949690749e+01,4.629792134141052884e+01,7.568860190170629210e+01,6.670424211213200394e+00,6.612610334955780900e+01,4.334306412477454273e+01,3.526662604408703316e+01,6.000996960523260526e+01,3.501565652969686226e+01,1.457776741082719596e+01,8.005770056089619402e+01,2.515282772572128778e+01,5.916305736450470221e+01,6.557345048060062709e+01,4.459508795302597406e+01,6.033062844051285367e+01,7.952813921198408309e+01,2.130939485540437417e+01,4.343389986711950002e+01,8.855270800508463935e+00,7.636436586510139080e+01,6.297672716153005013e+01,8.065728947933861548e+01,1.497717766693666697e+01,3.919658647603657897e+01,7.191908952201947614e+01,9.201729874694660793e+01,1.156162301651150770e+01,6.735833433664821257e+01,6.931747709785670963e+01,7.157159036664828555e+00,8.298224545409142650e+01,6.079702143334479558e+01,6.719577750387333026e+01,9.432505950208398815e+01,6.316362427722942385e+01,8.315265167807135072e+01,6.696819396310037575e+01,6.869348255655155810e+01,4.786570682754070560e+01,7.009999317717543477e+01,2.635293615160891179e+01,8.972525649752923016e+01,6.747680442012958224e+01,1.021438301276465666e+02,9.463811608188161983e+01,6.756482368417755424e+01,9.878662913603082529e+01,6.066587305780672068e+00,8.859593668349350537e+01,6.376010735056973289e+01,4.333251222449155904e+01,6.690542795831649414e+01,2.543443372356356846e+01,9.069478044647210879e+01,8.651868668224159364e+01,9.780451728497567387e+01,5.335220950117133754e+01,9.033927016086826711e+01,2.707106340702494052e+01,6.786380265610939944e+01,9.308103191318798153e+00,1.007067430408174857e+02,7.188297763474125190e+01,6.791186613992501009e+01,9.653473526684207329e+00,0.000000000000000000e+00,2.805659849252276405e+00,6.952388586154967243e+01,7.745500515298635946e+01,8.007255300924501284e+01,8.067237516184945889e+01,7.261135937104533866e+01,1.599650704682762559e+01,1.359918571586038816e+01,7.150877637012774812e+01,8.676079393155887942e+01,1.019595740860487325e+02,9.997234554541785201e+01,0.000000000000000000e+00,2.020150307043275006e+01,7.393293247141562574e+01,9.505509711397372996e+01,9.006486216154010549e+01
5.166621127903228938e+01,2.051315875551593138e+01,5.252535152891694281e+01,6.612610334955780900e+01,4.707276921897129540e+00,8.276253503123577104e+00,7.208976920745557493e+01,1.294854640458927086e+01,3.691452147593149391e+01,7.105615852152432410e+01,3.238890548674812209e+01,4.661945067362524497e+01,3.492618114821220843e+01,2.191027054667509688e+01,7.894006987957422616e+00,3.115104479750462119e+01,5.339119140581617984e+01,2.150851853546218706e+01,3.553244277546964724e+01,6.573666138783653423e+01,5.797575905177691169e+01,3.638555184635625750e+01,6.968948458399651713e+01,6.140118770992370401e+01,1.978521189381235601e+01,5.202458853670057692e+01,6.461422785231223997e+01,8.047490978160732311e+01,1.380760014721923667e+01,7.049791055865044598e+01,1.726613225035406174e+01,6.725630724961285445e+00,2.907846628722067450e+01,1.056976782459981656e+01,4.920101930971804904e+01,4.192118949163536001e+01,4.551938589510677247e+01,2.671982710374602377e+01,3.451831861596371454e+01,7.445153881602446511e+00,6.623629909905853985e+00,2.505449592750971277e+01,4.713746074977529332e+01,2.922340381788372454e+01,3.746180546288610458e+01,2.756637558136996802e+01,3.252437948242392451e+01,1.773233317538083043e+01,6.835954158460318730e+00,1.699160647036425331e+01,1.071740399640590269e+01,2.052488014164255858e+01,2.321267799832928347e+01,4.792003290494287526e+00,1.674218318237002379e+01,6.198995824107392849e+01,1.693989775928097785e+01,5.274539131481598275e+01,3.401835215554307013e+01,1.340796716794445942e+01,2.304009443064827778e+01,1.467728095979833114e+01,2.383749841338958930e+01,1.066953832850065353e+01,2.954214744228967504e+01,1.438059761591415509e+01,8.149194954639641608e+00,1.676502454848516521e+01,1.681310038780098637e+01,3.188594333089371347e+01,2.304354381019032161e+01,3.333161614689212371e+01,8.836863239563786010e+01,5.107330521540853319e+00,2.801111077357559154e+01,4.066243073738917957e+01,6.757389172522080401e+01,3.257312504687711652e+01,3.904175699469782046e+01,2.252856240343694250e+00,0.000000000000000000e+00,7.435930849900885597e+00,2.640853797025348015e+01,4.662193513580898241e+01
4.718339390267061617e+01,7.753150976626574220e+01,8.557715837144910154e+01,4.334306412477454273e+01,8.276253503123577104e+00,8.214073461176433000e+00,3.419221582247016755e+01,1.487459130559677867e+01,4.644072112119476969e+01,1.882930837053223883e+01,5.880810010195755666e+01,1.669265222565454110e+01,6.319176803537741449e+01,3.235380501557160926e+01,1.040600816975521603e+01,7.939542600236411829e+01,8.640439957169930096e+01,7.055328202286186468e+01,7.935894089920537908e+01,3.086862306546937873e+01,7.502697937533744721e+01,7.649774092350017440e+01,7.999880354364530888e+01,4.490056619474404442e+01,6.191629924487708081e+01,8.574912996764996365e+01,9.201826155353423076e+01,4.483542069161745758e+01,3.539447304260126970e+01,6.056130646326899836e+01,5.937797716336896059e+01,1.509867937859184117e+01,6.330045194252485885e+01,3.475655795720263086e+01,8.829397357928564816e+01,5.341457809056599615e+01,7.235371980315063922e+01,4.458278647025466057e+01,5.566734232372401436e+01,1.486391469975385071e+01,1.784316341526132277e+01,5.202050934995846632e+01,9.419592370116644986e+01,7.614234248648598680e+01,1.053147302651932904e+02,9.732898715135996781e+01,7.631282595288455184e+01,8.890542199121462374e+01,2.408574402100465761e+01,9.152906986566341629e+01,4.751317545969742184e+01,5.015211483590045560e+01,9.666425393967283242e+01,1.652397158608507510e+01,9.397361388845216368e+01,9.338983056020634876e+01,9.808040753629863673e+01,6.392125655452105093e+01,9.703455894684873329e+01,3.734389968972383400e+01,7.791421303946231092e+01,4.091736746792122403e+01,1.031264875049088232e+02,6.997809205731485349e+01,8.449564114795913383e+01,1.856661895068723922e+01,1.107143134501443349e+01,7.969748824390014086e+00,8.960756358543908107e+01,8.631261986454805424e+01,8.616762836343167464e+01,8.280598653726084990e+01,8.280840039338892211e+01,3.116847253296506892e+01,4.645174495260515357e+01,8.867615591233371219e+01,9.683345142271812733e+01,1.061434534709432143e+02,9.375017320346728411e+01,4.608336946857514604e+00,1.216527570658062096e+01,8.625364442105485807e+01,1.009689100460924749e+02,1.008434750075511914e+02
2.015968609410275647e+01,7.760825013094331837e+01,6.359630350319810788e+01,3.526662604408703316e+01,7.208976920745557493e+01,3.419221582247016755e+01,8.949543311263244760e+00,3.754908566031330963e+01,4.008434246960091940e+01,1.637895737178773103e+01,8.867393514611330829e+01,4.340831762995208010e+01,8.246160482487037768e+01,2.999405247391764462e+01,5.214451431585017360e+01,6.397451033756033922e+01,7.057353813345284266e+01,9.445909155486917541e+01,8.704512297504184914e+01,3.910297357288609277e+01,4.940892160305998004e+01,5.512502323826725359e+01,5.690699911887320184e+01,3.563405217465555808e+01,9.445649103682741554e+01,8.313371064839499525e+01,7.702854955142530002e+01,2.373186447199307736e+01,4.747235785268450314e+01,1.933096455244861644e+01,6.948723933661162278e+01,7.688778121677000854e+01,4.724356503088423409e+01,5.307741727941275656e+01,9.148293116549450588e+01,5.461489205902343258e+01,6.760989023320412628e+01,5.617143858391051481e+01,6.119423439248554786e+01,5.150044932343212167e+01,5.937845180166575432e+01,8.134835274164500163e+01,8.934933883791761389e+01,9.399296503028359950e+01,9.738646608364220469e+01,9.890786677622564582e+01,8.153961949183715774e+01,9.961835750670655898e+01,5.117140174979594747e+01,8.987937800264126054e+01,9.181361551966776346e+01,1.016907196535261733e+02,8.850934579168054483e+01,4.280555854349271527e+01,9.324199126209120436e+01,8.404035156392581030e+01,9.705333488151597976e+01,5.443801064471651330e+01,9.249116711236726474e+01,7.411325208392366903e+01,7.277933545144097138e+01,5.552238362906978608e+01,9.764957424996357815e+01,7.930213637674359006e+01,8.880830677267194062e+01,1.029107825122789563e+02,1.268259834175679934e+01,6.646795331471003010e+01,8.343721148665348153e+01,9.498965316501663381e+01,7.184796445833507050e+01,9.983910880681939659e+01,7.319350342762254513e+01,6.307054471447693089e+01,1.031368143427115029e+02,1.007816551245656314e+02,8.589381981919440534e+01,9.773479203987383812e+01,8.835947729748157542e+01,4.341319867034455271e+00,5.603702378398406836e+01,9.053011676600351620e+01,9.543720709978965999e+01,1.068471334503792036e+02
2.990602328356344586e+01,8.869569765643217352e+01,7.942078441912086362e+01,6.000996960523260526e+01,1.294854640458927086e+01,1.487459130559677867e+01,3.754908566031330963e+01,8.515465453686276831e+00,5.632524598296362939e+01,3.157788488469546451e+01,5.384817656551125964e+01,4.351872331779100733e+01,5.895417963733732591e+01,1.419561064442468989e+01,2.587501183387483294e+01,8.529916027723874095e+01,7.965642743082268851e+01,7.289527064584275706e+01,8.255606667445354674e+01,5.072470534095108263e+01,6.800192795913081056e+01,7.104650133129329959e+01,7.356790112154581607e+01,5.406791360215623854e+01,6.877968595435480381e+01,8.431140908849621951e+01,9.185503475351858071e+01,5.801732843717805821e+01,2.883455251016755128e+01,5.013754411026347668e+01,6.049726683667513782e+01,1.357814902671155721e+01,5.848754319056520501e+01,3.398149285691312826e+01,9.147496175977225619e+01,5.609834772758167531e+01,7.196138353114841379e+01,4.580246557245671823e+01,6.155746184878770322e+01,2.333321599132801794e+01,2.070207017572946029e+01,5.338970477011164206e+01,9.859108710569623213e+01,1.023713522193831693e+02,1.056640724345083839e+02,1.028345760344344484e+02,9.213081541489903259e+01,1.005370264123303627e+02,2.055828305856505267e+01,9.902886184676951586e+01,8.608777632181241302e+01,9.437617642503148829e+01,9.881631322643950455e+01,1.475396885089020316e+01,9.540163014693982291e+01,9.564768769682999050e+01,1.021851998598050244e+02,6.919060216792522056e+01,1.000430367104331850e+02,5.936670863877481708e+01,8.522464067222260553e+01,5.814951875094624256e+01,1.058427588660683796e+02,7.383785067081497289e+01,1.006265026750777309e+02,5.949640034158429813e+01,1.616305285781177403e+01,3.171660414738441602e+01,9.362836221002780235e+01,1.036119608444841731e+02,8.638170112419126667e+01,1.046925766947390599e+02,8.670054895049169374e+01,4.288165362486196841e+01,7.875793203162989187e+01,1.099023922160691171e+02,9.758143242066164191e+01,1.073417026335268361e+02,9.962414498595721568e+01,2.272505136746079657e+01,1.562186659627885632e+01,9.801865757840273830e+01,1.049916036034099136e+02,1.047131680650114589e+02
4.694187294803635524e+01,4.252603798951107450e+01,6.812555975171692069e+01,3.501565652969686226e+01,3.691452147593149391e+01,4.644072112119476969e+01,4.008434246960091940e+01,5.632524598296362939e+01,6.788157384439156061e+00,4.666727922277798513e+01,8.508983856345123797e+01,1.170160891645659262e+01,7.638960644689873902e+01,5.745351534499865664e+01,1.126532733934203989e+01,4.363650136820596970e+01,7.503916983912873206e+01,8.607209139744276172e+01,8.363486117928502495e+01,3.248751355840909127e+01,5.652512808645622755e+01,1.515014332274737896e+01,6.572676884116236806e+01,1.498627901198631562e+01,6.033146455085606874e+01,7.728742977970392758e+01,5.865772783003622237e+01,3.662269852177913521e+01,5.266089511512635823e+01,4.300222941682946498e+01,7.877111525963380245e+01,7.813911891646269225e+01,4.479727673999055071e+01,5.177955668628371910e+01,8.686191726089940346e+01,4.701969097446625057e+01,6.239162698416046737e+01,5.471907631107990255e+01,5.856843077329704528e+01,1.328785246489416849e+01,5.816880135365585147e+01,7.528180724436394655e+01,5.841201172811122433e+01,6.840011934627482049e+01,6.717848516942839865e+01,7.079451753996823982e+01,3.733088093271891950e+01,7.061167976071129715e+01,5.817337665747645303e+01,5.915277601791883910e+01,6.264560208060489543e+01,8.237504914467567119e+01,5.649562517269635720e+01,4.001387794724096381e+01,6.432098600912448205e+01,5.590364296128193189e+01,7.080408676464956841e+01,1.317789598531380868e+01,6.179330072742986601e+01,8.744773275664933010e+01,3.806323729498002706e+01,9.400730019740215937e+01,7.155486519963149306e+01,4.165660400213607062e+01,5.696778564467854267e+01,8.897010308530929024e+01,6.631457179624641185e+01,9.369997550312183421e+01,5.065912179742045396e+01,6.489711653622676124e+01,2.930845385930694391e+01,7.291216802869455194e+01,3.824922912888172988e+01,7.781084280687224464e+01,9.637345107499670860e+01,8.118283340697796291e+01,5.435092647438163027e+01,6.657992699456906394e+01,5.707818127475525927e+01,3.969098855013871940e+01,6.328115569325273526e+01,5.744478354075564397e+01,6.392086626753105350e+01,9.785097992938403877e+01
4.940526083813531955e+01,9.060663668148431782e+01,8.371080317665615667e+01,1.457776741082719596e+01,7.105615852152432410e+01,1.882930837053223883e+01,1.637895737178773103e+01,3.157788488469546451e+01,4.666727922277798513e+01,8.878060503413070848e+00,8.555726891208283291e+01,1.580704866521419838e+01,8.549903153420245872e+01,4.247745623676021154e+01,4.729969550497941810e+01,8.764593382302132341e+01,9.165022619551700700e+01,9.222524434071782196e+01,9.606747323825854323e+01,1.195536908763633477e+01,7.489516725057467283e+01,7.405124580550179303e+01,8.034283268303130399e+01,3.627140419004229699e+01,8.161859100482156748e+01,1.030838537488606903e+02,9.830855471044939975e+01,2.034156895908216356e+01,6.250424465951747521e+01,6.442383229662750921e+01,6.915480612678231864e+01,7.828249456550501861e+01,6.079950630535337552e+01,6.164939546358986888e+01,9.527738473403324804e+01,6.188132337585653886e+01,8.504477622410335869e+01,6.196510459420543526e+01,6.579720164975530849e+01,5.089732960323525646e+01,6.373935928484517177e+01,8.317193066678464675e+01,9.364247375635278559e+01,1.004670127139256408e+02,1.059668154377993261e+02,1.042767912750236263e+02,7.663831385557406861e+01,1.038887855201436992e+02,1.446268019035681363e+01,9.809267426372217358e+01,7.964939111150630424e+01,7.792402871124441788e+01,9.535579184180917878e+01,3.423777996082210962e+01,9.753721272529244857e+01,9.165319624462928516e+01,1.024677538449592618e+02,6.145241418545064249e+01,9.861857709685486384e+01,3.618235523057668956e+01,7.708076201480341183e+01,4.707742152522452983e+01,1.049257890583190402e+02,7.925956564391532311e+01,9.624324296236193277e+01,4.414662936196396004e+01,2.505829540651238752e+00,9.866932256897881004e+00,9.019702113303831936e+01,9.694885227114700399e+01,8.629568829279986630e+01,1.012122216644462753e+02,7.998696631115694800e+01,4.497697085859762467e+01,3.097496456886404559e+01,9.472363406572890199e+01,9.548310359132142366e+01,1.074692374072139955e+02,9.872553668985082709e+01,0.000000000000000000e+00,2.563325429318555138e+01,9.311338383265108121e+01,1.055611298359325616e+02,1.102133025998492286e+02
6.995766840045850188e+01,4.126124462032316131e+01,5.481130935015696792e+01,8.005770056089619402e+01,3.238890548674812209e+01,5.880810010195755666e+01,8.867393514611330829e+01,5.384817656551125964e+01,8.508983856345123797e+01,8.555726891208283291e+01,8.277721382484717338e+00,7.856073260503060851e+01,1.250648106406022819e+01,5.087161689864168324e+01,4.404028268704390570e+01,8.134929052876650246e+01,3.059320810472504348e+01,1.312953089213334579e+01,1.456099713954480812e+01,8.294255459943890685e+01,7.241487745421297006e+01,6.533195340595685252e+01,6.077775185961431248e+01,9.141032084846388273e+01,1.798337397855679853e+01,1.655482863366817270e+01,3.333270917826904167e+01,9.405702512923751613e+01,4.442237777679846289e+01,7.766647829228978139e+01,1.905139540094186756e+01,4.176418712478402995e+01,5.666175546694601906e+01,1.396952668512468065e+01,8.392479461810444263e+01,5.019045003623963197e+01,1.883762099283681479e+01,1.922428878511209049e+01,3.407334798651042007e+01,4.766055329918731331e+01,3.668871555973336029e+01,1.451698519509957208e+01,8.630895502271063435e+01,4.438106272694123078e+01,6.206408861722996306e+01,8.114446198344735706e+01,6.753744439032654157e+01,4.548221748717386248e+01,3.933249081787255363e+01,2.726651452667083575e+01,5.585308960850379378e+01,8.694666577503286931e+01,7.205970308673910196e+00,9.701939995609105694e+00,2.982397069029547865e+01,6.046777990540464032e+01,4.775828966413225629e+01,9.082116149042930431e+01,2.061104959516383772e+01,4.934995166538671896e+01,3.456704079926905138e+01,4.594790925678007198e+01,6.337068419511834350e+01,1.787370695427282641e+01,7.455967406575869916e+01,8.497606961075285881e+01,6.202164232558155277e+01,7.075059838459787898e+01,2.102837397447272494e+01,4.452420903865375124e+01,8.511946276343947204e+01,9.288506477419467444e+01,1.005688696330754226e+02,3.286818481158274352e+01,6.054667551451773022e+01,6.151274898738513741e+01,6.904404862057511139e+01,5.736386034277019519e+01,4.969320297241213780e+01,5.949566116337797439e+01,1.727027693791175977e+01,1.387090125012752218e+01,6.582981267763445032e+01,9.284385786845874122e+01
6.107921547718421351e+01,6.190251804366471333e+01,8.602575552515973811e+01,2.515282772572128778e+01,4.661945067362524497e+01,1.669265222565454110e+01,4.340831762995208010e+01,4.351872331779100733e+01,1.170160891645659262e+01,1.580704866521419838e+01,7.856073260503060851e+01,7.518783877738208332e+00,7.566743185672460470e+01,5.392232441417074540e+01,1.146525214277259153e+01,7.302374012600724029e+01,9.148159255555124503e+01,8.125976163877318470e+01,8.287232896470692367e+01,1.018743862028556357e+01,9.202554207572953260e+01,5.180278655000238075e+01,9.364562573052772620e+01,1.840122580076541681e+01,6.999821042787151271e+01,9.418580961456945033e+01,9.406118623567350312e+01,3.651202590401163661e+01,5.754304809250154307e+01,7.931028574742371973e+01,5.652435761093284583e+01,6.656083417792443413e+01,6.457751508895734105e+01,5.548333448992092087e+01,9.124660208388019100e+01,5.418502281791108288e+01,8.215139323904570290e+01,5.574795738870375317e+01,6.076645644744464647e+01,1.658397451241733478e+01,5.496314015823947585e+01,6.568976209442364222e+01,7.390865796321958214e+01,7.216338647911544513e+01,9.278468187022595259e+01,8.286303473130791986e+01,4.552443820263136587e+01,8.382165555308904459e+01,2.065314272980191035e+01,8.056772046888221439e+01,5.488867129615291418e+01,2.931044711592185692e+01,7.279141529135132771e+01,2.868586574067737160e+01,7.676432741416005001e+01,7.670501619726584863e+01,8.682605123420803750e+01,3.887748229608329353e+01,7.822870460476178778e+01,4.532563722999534406e+01,5.135033300163287606e+01,3.239392391128919257e+01,9.062866573351446675e+01,4.978156448441315973e+01,6.771657537583685382e+01,1.487476827137506064e+01,1.120781172567338757e+01,9.496948583802179655e+00,6.491569537672266677e+01,7.308480374445370842e+01,6.623193178308024187e+01,7.551664100932552515e+01,5.873748053972826710e+01,3.061013253055400440e+01,3.673781848546880724e+01,7.908701089602797651e+01,7.755270413167538379e+01,9.388087948599023491e+01,8.188306480477844218e+01,4.108603861794544621e+00,2.930256897655885595e+01,6.266048083491758547e+01,9.013559988792312083e+01,1.021788179591444248e+02
6.984584438540895235e+01,3.347010605337197120e+01,6.200281265061035185e+01,5.916305736450470221e+01,3.492618114821220843e+01,6.319176803537741449e+01,8.246160482487037768e+01,5.895417963733732591e+01,7.638960644689873902e+01,8.549903153420245872e+01,1.250648106406022819e+01,7.566743185672460470e+01,6.841409123540736381e+00,6.025466559053264604e+01,4.574651627765652506e+01,7.037433297489148742e+01,5.681531537563694201e+01,3.061203390797179935e+01,3.869209347376202146e+01,7.902620744043269951e+01,6.867647689878045014e+01,5.686689542014005383e+01,6.598785249238845552e+01,8.065027107825416408e+01,1.248381188578512280e+01,1.667884175408167380e+01,1.613124046052611860e+01,8.042447906698269833e+01,5.351862097442955246e+01,7.101408226074157426e+01,9.433247034853980750e+00,4.455525868825952784e+01,5.170506972427067183e+01,2.454740991785772053e+01,5.822691339286553358e+01,1.846810398599734526e+01,1.793416934556980991e+01,2.211348419842624935e+01,1.693574124590909946e+01,3.163153554240312459e+01,1.145391057690285130e+01,1.127978665042727080e+01,4.391133690396653577e+01,3.811576098012995573e+01,5.177529380427972683e+01,5.491733074942121107e+01,5.910968079470801939e+01,3.874649774645858713e+01,3.162198477550174402e+01,4.130682409106201192e+01,5.154768295733739336e+01,8.911450768744496997e+01,1.423548786675751465e+01,1.192688298581251871e+01,4.604108973249839210e+01,7.920697910520767948e+01,6.375779127279079717e+01,8.536947357913879841e+01,4.986633400513755987e+01,4.437152651718511009e+01,3.426354550603610249e+01,3.885828010649294129e+01,7.094020526481968147e+01,2.112843474464036575e+01,8.604021782673605401e+01,8.150235614414400231e+01,5.725064416248932275e+01,6.658450858882243040e+01,2.132648909269874693e+01,7.878051643508989343e+01,7.869543994708452317e+01,9.060030324311864547e+01,9.713761447233139279e+01,2.814673362271756929e+01,5.540806732148644187e+01,5.650989866065415868e+01,8.460669604140399258e+01,7.312468172227762864e+01,6.635533151301241617e+01,5.529619090591995700e+01,2.811848544749811296e+01,1.488988415162956436e+01,5.571108921469697606e+01,7.028603659894106670e+01
1.425362907732466944e+01,8.751494283846038513e+01,7.583195751559843245e+01,6.557345048060062709e+01,2.191027054667509688e+01,3.235380501557160926e+01,2.999405247391764462e+01,1.419561064442468989e+01,5.745351534499865664e+01,4.247745623676021154e+01,5.087161689864168324e+01,5.392232441417074540e+01,6.025466559053264604e+01,8.708175739548437377e+00,4.265108744415222475e+01,8.028612806515818079e+01,7.500791008500000601e+01,6.754654872210917915e+01,7.814905524635489087e+01,5.880034744393967117e+01,6.319069964704347342e+01,6.705108771110164412e+01,6.941875911090995999e+01,5.758730149756076599e+01,7.147653448134494170e+01,8.095455223960745172e+01,8.853309752760880258e+01,6.020375669796517570e+01,1.763244763601059262e+01,4.289726402302687092e+01,6.383237216325102992e+01,1.456882764724270807e+01,4.480191528762915709e+01,3.060368587190698264e+01,8.978478429885454659e+01,5.282103306126524700e+01,6.823697863699415223e+01,4.233824799971026209e+01,5.957019373259524997e+01,2.896662552229837928e+01,2.514332430410993169e+01,5.271386679715268997e+01,9.837843560487951322e+01,9.920470851602416928e+01,1.053544402732301677e+02,1.037556885655065742e+02,9.691638770843964323e+01,1.057898253409486671e+02,3.319739583863871957e+01,1.002164345213511467e+02,9.376178055693183921e+01,1.041893874833464224e+02,1.027511116759598480e+02,1.687792579688835914e+01,9.930120941858801586e+01,9.805429780855628508e+01,1.044514897879446806e+02,7.036314919433276316e+01,1.025294821951067377e+02,6.393116440691943581e+01,9.039184829800657894e+01,6.859601189801838927e+01,1.072064391662326983e+02,7.367955917979885783e+01,9.674585582633605441e+01,8.445047948783508218e+01,2.934261062963685163e+01,4.225994020908032667e+01,9.924586448378634884e+01,1.007439976863355326e+02,8.158228035908642539e+01,1.078910441894127672e+02,8.885784089253677109e+01,6.061055592314924922e+01,9.699626980475815685e+01,1.077259301721737330e+02,9.800619197860557108e+01,1.065419298790908158e+02,9.874096807515103080e+01,1.750333047743460213e+01,1.813915626563836625e+01,1.006955337293941852e+02,1.020622086468755185e+02,1.044343057208633780e+02
5.622378025600144724e+01,6.247430336993755873e+01,6.198689451154175600e+01,4.459508795302597406e+01,7.894006987957422616e+00,1.040600816975521603e+01,5.214451431585017360e+01,2.587501183387483294e+01,1.126532733934203989e+01,4.729969550497941810e+01,4.404028268704390570e+01,1.146525214277259153e+01,4.574651627765652506e+01,4.265108744415222475e+01,5.636131552389505472e+00,5.835013365818931419e+01,6.535109373680455747e+01,2.661810860705019977e+01,4.596443441838798094e+01,3.646825508857074993e+01,6.169533344698110966e+01,4.655342040678392124e+01,6.591249467194798228e+01,2.824391429723311120e+01,5.783724460619880148e+01,6.439370630577360544e+01,7.819561232747628310e+01,5.272515812896740783e+01,4.487708871076618777e+01,5.971625711293540206e+01,7.410151581266029019e+00,2.946518853828266771e+01,5.152219455482562438e+01,3.841948029151389221e+01,4.325611566015364673e+01,4.125533306364263808e+01,5.481518496463601764e+01,4.225214019222954676e+01,4.293186834295995880e+01,6.798646325538039825e+00,2.083155675420999486e+01,3.070426669177271961e+01,7.228412935099584047e+01,5.750135629651322944e+01,7.138787479421488058e+01,5.463305399786795391e+01,4.552955678320708444e+01,4.240814592543648587e+01,1.211027579900636830e+01,6.375518086493735126e+01,3.925791353864199351e+01,4.821884590746299182e+01,6.984205709317841126e+01,1.620674525040368863e+01,6.127324662675351874e+01,8.330735392627514102e+01,7.657676287211668864e+01,4.271335230679549255e+01,7.937579746063946118e+01,1.847247557141886176e+01,5.496248549310229947e+01,1.346814762419136180e+01,8.324954857775485095e+01,3.762636575636002334e+01,7.083496699078833103e+01,3.147289426691072478e+01,1.255261495220127088e+01,3.206393328679883581e+01,6.540378861870821936e+01,6.530365984240130217e+01,5.675425775374925763e+01,7.758690262891502698e+01,6.529864306922672768e+01,8.891607275056591320e+00,4.487199937494766999e+01,6.952354392794855187e+01,8.170710882281098009e+01,9.157404027177389594e+01,6.864555933799093168e+01,4.524924890318910542e+00,4.966210550336693785e+00,3.558263112537895267e+01,8.028216544866253912e+01,5.537498156504870650e+01
7.056911717753439461e+01,4.066118518141176708e+01,5.336285928404213763e+01,6.033062844051285367e+01,3.115104479750462119e+01,7.939542600236411829e+01,6.397451033756033922e+01,8.529916027723874095e+01,4.363650136820596970e+01,8.764593382302132341e+01,8.134929052876650246e+01,7.302374012600724029e+01,7.037433297489148742e+01,8.028612806515818079e+01,5.835013365818931419e+01,8.265110802685052604e+00,6.349112644558308460e+01,8.211755150838348527e+01,7.802280003831326383e+01,8.033094093771089206e+01,1.772446406889882553e+01,1.946183628444075708e+01,1.638909927297289215e+01,2.061987804924573808e+01,6.286865182709872357e+01,7.238290183836978997e+01,1.845299541679861477e+01,2.666774346544446672e+01,6.722609517299667914e+01,5.291676928494929655e+01,6.397023306740200610e+01,5.113615052549229034e+01,5.879698264368583693e+01,4.772626580723070333e+01,8.753206011698183886e+01,4.806442655784923801e+01,3.719646333204344302e+01,4.994795152298997465e+01,5.201156089701832741e+01,5.629581196272687293e+01,5.827374200862588083e+01,7.201811954436112728e+01,7.183348637225680022e+01,5.804725565220776673e+01,7.585647829005114318e+01,7.807614239890689589e+01,8.240719482477631175e+01,8.588964777085379865e+01,6.613220643529507470e+01,8.571095616094827108e+01,6.164594077050961829e+01,7.375035791488951986e+01,5.480480920845398884e+01,2.573124334840970207e+01,7.170827360471770362e+01,8.896861012560550819e+01,9.802913399139904982e+01,5.702006984169798187e+01,8.713488382226471174e+01,8.732487003460795449e+01,5.297712329118012775e+01,7.105943553111704603e+01,9.649191029909205497e+01,6.172663809233069543e+01,6.022794862644744285e+01,8.592443804728078760e+01,6.343307147185346651e+01,9.757076603470093801e+01,4.701192862477469703e+01,7.274355287996523600e+01,3.857116006203130354e+01,6.771175721618200782e+01,7.062937913122596001e+01,6.954019674996331446e+01,9.186521952865030016e+01,6.777086440321866689e+01,7.824038562040095712e+01,8.757532436332627412e+01,7.590834472575839698e+01,1.544663346703372753e+01,1.143339403826205292e+01,7.822794545667186128e+01,7.446687787011951798e+01,1.020323542671835639e+02
6.401102512330410832e+01,3.706273764069933918e+01,2.610746539091005758e+01,7.952813921198408309e+01,5.339119140581617984e+01,8.640439957169930096e+01,7.057353813345284266e+01,7.965642743082268851e+01,7.503916983912873206e+01,9.165022619551700700e+01,3.059320810472504348e+01,9.148159255555124503e+01,5.681531537563694201e+01,7.500791008500000601e+01,6.535109373680455747e+01,6.349112644558308460e+01,7.729111787175646953e+00,3.532208153211637125e+01,1.390507576338110951e+01,8.043526239161536751e+01,4.106896143013093337e+01,5.259501127395053288e+01,2.029509986076976347e+01,7.671515878376760611e+01,4.773164854943897240e+01,2.360389488233757760e+01,4.217956485575142977e+01,6.739401677964612247e+01,6.391220595831705253e+01,4.935188370565239069e+01,5.666050839179928289e+01,7.603311473999619352e+01,6.247310257824259594e+01,1.882729694951439114e+01,8.738507877829330539e+01,5.354476853706793804e+01,3.124615783208016140e+01,3.222201177936939587e+01,4.346229302992360743e+01,6.594342015391232792e+01,6.288605146438882088e+01,5.956047081354248718e+01,8.756563846224527481e+01,6.024298968109309271e+01,7.809241298636059980e+01,8.472317704424284557e+01,8.596373490432739572e+01,8.129504601840966416e+01,4.867326425011477653e+01,8.094667513808759907e+01,4.796341996597848834e+01,7.246448221596244821e+01,1.383847131302105993e+01,8.651958508278012161e+00,1.466827386884547479e+01,1.062586089372694431e+02,4.007694103943174468e+01,8.828076336365576537e+01,2.588282005348015602e+01,8.161336534455546143e+01,2.106487061609677269e+01,7.793572622338022882e+01,8.302777499924263793e+01,3.596440517383199165e+01,8.793140317317855192e+01,7.667079542840630779e+01,8.155060312221019103e+01,7.819357966378977665e+01,8.016497483894006848e+00,9.895934863185944153e+01,6.786751666587052512e+01,8.796782654015751746e+01,1.006576220838253022e+02,6.048846965576208135e+01,7.144588224269162424e+01,7.038599937344552870e+01,1.057755908199461459e+02,9.450310038639415211e+01,9.960517837077246384e+01,6.929056087711698808e+01,5.196350780885611975e+00,5.639655252333304247e+01,7.733865621186660633e+01,9.745682181708507130e+01
7.546190059721234888e+01,4.666662636545104448e+01,5.618676149366500994e+01,2.130939485540437417e+01,2.150851853546218706e+01,7.055328202286186468e+01,9.445909155486917541e+01,7.289527064584275706e+01,8.607209139744276172e+01,9.222524434071782196e+01,1.312953089213334579e+01,8.125976163877318470e+01,3.061203390797179935e+01,6.754654872210917915e+01,2.661810860705019977e+01,8.211755150838348527e+01,3.532208153211637125e+01,6.040906055205936376e+00,1.068052049825749705e+01,6.364866864408428171e+01,8.149309616569125581e+01,6.928444981023321247e+01,6.722958789128951196e+01,9.496854599790732721e+01,3.003690300599121343e+01,1.590408128699360191e+01,3.835917065149891414e+01,9.684779415774450229e+01,6.288115603430503597e+01,8.277880978805603718e+01,3.222865755494597551e+01,4.637102903788781560e+01,4.575314252293526351e+01,3.227415001782449622e+01,9.063865171076842842e+01,5.667915243856297280e+01,3.032872921429854784e+01,3.202841634080090927e+01,4.425867856541575662e+01,6.482064074544074117e+01,5.215305141150255253e+01,3.761025643926277695e+01,9.040140754549261715e+01,5.873000358680878463e+01,7.432152223096998966e+01,8.588961962553301532e+01,5.169794009099552312e+01,2.838386540389178236e+01,5.610452248796383401e+01,6.613816104718112321e+00,6.027898244377341541e+01,8.472684546120871119e+01,0.000000000000000000e+00,1.915743016484955152e+00,3.659463797042619149e+00,9.674652668967178570e+00,1.934252749390865844e+01,4.708662189338141246e+01,2.829748580704873007e+00,6.036355973512090145e+01,2.670873271885201294e+00,5.438992270930786077e+01,2.280635845127390482e+01,5.408824009681820755e+00,4.264364610738422812e+01,7.997020267593561016e+01,6.537119589403059194e+01,7.190252250161589131e+01,2.931968347350164095e+00,2.536402130126950283e+01,7.527026145296110826e+01,7.479500849069314938e+01,3.719173664833184034e+01,4.281717607833238048e+01,6.437932820809646728e+01,6.413044727014704449e+01,1.408856776223253604e+01,2.743657300958587442e+01,2.252763642837750169e+01,6.545734260079086653e+01,4.577810259007685900e+00,1.137312362443156699e+00,7.292268454076298667e+01,9.743529751227171687e+01
7.774906960043108484e+01,3.969345051371180944e+01,4.328825561689041024e+01,4.343389986711950002e+01,3.553244277546964724e+01,7.935894089920537908e+01,8.704512297504184914e+01,8.255606667445354674e+01,8.363486117928502495e+01,9.606747323825854323e+01,1.456099713954480812e+01,8.287232896470692367e+01,3.869209347376202146e+01,7.814905524635489087e+01,4.596443441838798094e+01,7.802280003831326383e+01,1.390507576338110951e+01,1.068052049825749705e+01,7.627150925505797652e+00,7.486025369070738122e+01,6.386764665903110938e+01,6.396763791365703611e+01,4.910278232023090794e+01,9.015675953544555910e+01,3.277227327738403773e+01,2.002440797455659904e+01,4.130723997838357064e+01,8.419483164919247997e+01,6.916597026698960349e+01,6.698253574485670470e+01,3.887760689254235302e+01,5.195193693109332855e+01,7.221004704816333231e+01,2.195696935599632837e+01,8.752624020464487842e+01,5.286915848869367807e+01,3.048857533359440808e+01,2.956249185332710638e+01,4.137395069469506126e+01,6.918011851646288335e+01,5.811056148802878596e+01,4.474085917259482414e+01,8.861269124852893242e+01,6.146396582091481520e+01,7.598255407950534845e+01,8.525352781886850551e+01,7.993762037272945520e+01,5.945324805559518921e+01,5.704930092409770737e+01,3.295470584091263078e+01,5.061793848151726394e+01,8.177487360496077429e+01,0.000000000000000000e+00,7.951980182780552298e+00,1.159793734194627390e+01,6.290216202956187885e+01,2.141551124990284549e+01,9.276781721020216764e+01,6.996942434737925431e+00,6.639992035805600779e+01,6.868903316668611758e+00,6.020163698619487036e+01,3.948374067847409208e+01,2.284393121235406454e+01,9.757914543754451131e+01,8.080041455669385186e+01,6.937565386655035127e+01,7.154319215889857730e+01,0.000000000000000000e+00,9.354160978696634743e+01,8.116523172834718025e+01,9.645426544850872119e+01,9.299280137550717029e+01,4.727972677723350614e+01,6.635732445482479136e+01,6.684743740825511793e+01,7.458767375851149950e+01,5.322046913819357172e+01,8.883104657469360177e+01,6.941557925825991049e+01,5.540086546940597323e+00,1.195752761613077375e+01,7.592409662450410224e+01,9.806364173430146991e+01
